840.5 154.1 904.5 154.1 904.5 216.7 840.5 216.7 type_007 0
999.1 1287.2 1061.3 1287.2 1061.3 1349.8 999.1 1349.8 type_007 0
1318.0 1028.7 1398.8 816.3 1531.2 866.7 1450.4 1079.1 type_008 0
737.5 1033.0 945.3 932.2 1007.4 1060.4 799.7 1161.2 type_008 0
932.0 1230.7 1593.8 546.7 1674.8 625.1 1013.0 1309.1 type_002 0
280.1 745.5 876.5 -10.5 964.6 59.1 368.2 815.1 type_002 0
824.1 186.8 885.7 392.0 816.9 412.6 755.4 207.4 type_004 0
922.6 185.3 1176.5 329.3 1126.3 417.7 872.4 273.7 type_005 0
1242.7 198.8 1535.1 706.4 1441.1 760.6 1148.7 253.0 type_003 0
657.3 457.4 1357.6 482.6 1353.1 606.4 652.8 581.2 type_001 0
690.6 540.6 1183.1 846.6 1131.3 930.0 638.8 624.0 type_003 0
535.7 735.8 1212.9 962.6 1174.6 1076.8 497.4 850.0 type_001 0
1268.1 1011.9 1418.2 1260.3 1338.7 1308.3 1188.6 1059.9 type_006 0
412.0 732.4 550.5 458.8 640.3 504.2 501.8 777.8 type_006 0
916.4 1100.1 920.3 1398.9 820.8 1400.1 817.0 1101.3 type_005 0
770.0 1267.0 800.7 1072.6 859.5 1082.0 828.7 1276.4 type_004 0
